Rhomb Center [nm]		Dip Center [nm]			L [nm]	S [nm]	Q [nm]	
-113.106	-155.677	-171.769	-236.419	-0.39618	-0.54530	0.02085	-0.01515	-0.38806	-0.53411
-113.106	-155.677	-54.443	-74.934	-0.39618	-0.54530	0.02085	-0.01515	0.38806	0.53411
113.106	-155.677	171.769	-236.419	0.39618	-0.54530	0.02085	0.01515	0.38806	-0.53411
113.106	-155.677	54.443	-74.934	0.39618	-0.54530	0.02085	0.01515	-0.38806	0.53411
0.000	192.427	0.000	292.230	0.00000	0.67403	-0.02578	-0.00000	0.00000	0.66020
0.000	192.427	0.000	92.623	-0.00000	0.67403	-0.02578	-0.00000	0.00000	-0.66020
-113.106	-155.677	-151.176	-128.017	-0.12562	-0.17290	-0.56800	0.41267	0.20477	-0.14878
-113.106	-155.677	-75.036	-183.336	-0.12562	-0.17290	-0.56800	0.41267	-0.20477	0.14878
113.106	-155.677	151.176	-128.017	0.12562	-0.17290	-0.56800	-0.41267	-0.20477	-0.14878
113.106	-155.677	75.036	-183.336	0.12562	-0.17290	-0.56800	-0.41267	0.20477	0.14878
0.000	192.427	-47.057	192.427	-0.00000	0.21372	0.70208	0.00000	0.25312	0.00000
0.000	192.427	47.057	192.427	-0.00000	0.21372	0.70208	-0.00000	-0.25312	-0.00000
