Rhomb Center [nm]		Dip Center [nm]			L [nm]	S [nm]	Q [nm]	
-113.106	-155.677	-171.769	-236.419	-0.39618	-0.54530	0.02085	-0.01515	-0.38806	-0.53411
-113.106	-155.677	-54.443	-74.934	-0.39618	-0.54530	0.02085	-0.01515	0.38806	0.53411
-409.220	-132.964	-504.139	-163.805	-0.64104	-0.20829	0.00797	-0.02452	-0.62789	-0.20401
-409.220	-132.964	-314.301	-102.123	-0.64104	-0.20829	0.00797	-0.02452	0.62789	0.20401
-183.009	59.463	-277.927	90.304	-0.64104	0.20829	-0.00797	-0.02452	-0.62789	0.20401
-183.009	59.463	-88.090	28.622	-0.64104	0.20829	-0.00797	-0.02452	0.62789	-0.20401
-113.106	-155.677	-151.176	-128.017	-0.12562	-0.17290	-0.56800	0.41267	0.20477	-0.14878
-113.106	-155.677	-75.036	-183.336	-0.12562	-0.17290	-0.56800	0.41267	-0.20477	0.14878
-409.220	-132.964	-423.762	-88.210	-0.20326	-0.06604	-0.21696	0.66772	0.07822	-0.24073
-409.220	-132.964	-394.679	-177.718	-0.20326	-0.06604	-0.21696	0.66772	-0.07822	0.24073
-183.009	59.463	-168.467	104.217	-0.20326	0.06604	0.21696	0.66772	-0.07822	-0.24073
-183.009	59.463	-197.550	14.709	-0.20326	0.06604	0.21696	0.66772	0.07822	0.24073
