Rhomb Center [nm]		Dip Center [nm]			D_l [nm]	D_s [nm]	Q [nm]	
-113.106	-155.677	-208.211	-86.578	0.22601	0.31171	0.54053	-0.39275	0.29464	-0.21368
-113.106	-155.677	-18.000	-224.775	0.22662	0.31127	0.54056	-0.39271	-0.29427	0.21419
-113.106	-155.677	-208.211	-286.578	0.34832	0.47943	-0.18736	0.13612	0.35664	0.49088
-113.106	-155.677	-18.000	-24.775	0.34889	0.48021	-0.18717	0.13599	-0.35603	-0.49004
-409.220	-132.964	-445.547	-21.160	0.36607	0.11934	0.20645	-0.63545	0.11277	-0.34606
-409.220	-132.964	-372.893	-244.767	0.36630	0.11862	0.20649	-0.63544	-0.11217	0.34625
-409.220	-132.964	-563.104	-182.964	0.56360	0.18312	-0.07156	0.22025	0.57706	0.18750
-409.220	-132.964	-255.336	-82.964	0.56452	0.18342	-0.07149	0.22004	-0.57607	-0.18718
-183.009	59.463	-146.682	171.267	0.36630	-0.11862	-0.20649	-0.63544	-0.11217	-0.34625
-183.009	59.463	-219.336	-52.340	0.36607	-0.11934	-0.20645	-0.63545	0.11277	0.34606
-183.009	59.463	-336.893	109.463	0.56360	-0.18312	0.07156	0.22025	0.57706	-0.18750
-183.009	59.463	-29.125	9.463	0.56452	-0.18342	0.07149	0.22004	-0.57607	0.18718
